1000 7000
938
310
559
193
314
251
658
413
646
258
703
569
548
444
241
617
185
580
663
960
655
662
217
726
140
205
696
400
542
833
500
353
921
838
632
729
732
573
322
922
474
262
909
584
689
966
803
203
305
344
182
382
866
371
786
190
504
495
949
750
769
285
796
477
834
907
470
791
625
655
714
877
815
954
209
387
939
532
541
535
328
190
961
480
330
178
861
989
966
354
620
608
632
929
518
430
175
429
579
735
447
369
444
231
804
721
791
469
672
481
814
727
671
639
963
437
591
928
741
102
903
900
483
716
100
924
654
137
625
688
222
353
728
284
724
696
877
275
835
615
556
837
725
540
665
941
652
176
684
911
985
840
883
545
466
287
150
140
206
733
143
860
112
277
236
848
279
698
450
508
239
830
906
820
817
280
833
556
702
200
763
846
840
242
267
859
750
217
238
516
264
207
663
209
221
412
633
229
552
579
125
427
477
680
822
943
868
863
596
118
509
327
888
671
761
563
127
218
717
205
841
452
520
216
734
272
806
413
512
542
148
690
875
216
395
838
234
551
270
185
142
448
477
696
938
244
432
977
958
652
806
553
303
310
974
944
920
532
497
653
105
782
184
541
307
289
547
350
926
205
899
815
182
897
458
650
518
287
634
636
158
870
322
332
290
368
447
534
471
157
159
338
531
130
269
944
506
877
688
147
980
782
383
981
141
447
755
415
909
263
948
159
623
166
173
138
216
877
378
274
482
714
908
799
163
329
744
973
488
756
589
649
383
754
669
320
919
727
571
303
223
961
834
263
544
731
315
727
490
804
357
557
343
594
114
938
226
885
246
631
415
990
514
879
507
245
505
776
416
432
407
140
438
804
980
380
941
181
874
246
113
364
578
141
860
469
877
250
635
174
301
348
719
105
524
891
222
257
920
771
170
972
128
884
933
997
458
401
239
983
830
667
592
373
986
835
214
674
539
377
193
757
913
840
726
731
983
950
644
287
418
521
821
508
615
888
562
586
235
346
676
294
582
785
544
549
594
292
369
352
808
450
814
438
246
995
253
222
445
953
311
917
992
754
608
301
184
744
653
655
562
926
750
836
504
412
599
137
190
602
914
571
363
293
555
573
509
663
787
533
986
797
215
190
870
614
346
860
972
498
945
196
512
161
843
797
687
143
882
454
633
629
634
227
723
572
681
629
252
909
174
377
841
311
847
840
269
685
939
860
900
926
676
222
498
747
931
793
544
705
459
354
529
220
209
702
517
446
813
837
821
109
360
423
847
812
801
902
264
656
305
938
481
114
476
741
443
293
274
366
716
917
798
378
137
794
654
665
190
231
142
319
420
496
572
102
504
841
702
706
260
857
872
944
620
972
896
544
934
983
691
535
288
855
399
645
234
726
494
712
256
122
108
892
377
581
310
104
928
974
220
624
507
114
680
551
511
416
962
487
150
135
741
926
106
255
453
414
604
342
806
335
119
113
453
369
336
588
807
111
279
306
506
158
474
507
685
576
153
467
197
433
215
236
454
305
160
691
847
195
489
733
203
187
177
346
756
116
873
767
561
144
139
592
958
380
490
708
761
870
402
978
811
883
297
524
563
730
441
527
369
956
183
933
139
592
277
649
311
965
423
191
470
930
441
184
720
173
434
235
669
931
774
704
295
298
416
683
513
546
959
907
522
954
227
119
991
379
741
883
593
395
757
318
887
644
449
425
132
787
245
228
561
257
156
362
642
368
475
303
379
569
260
266
328
587
906
600
603
674
453
433
904
164
402
259
312
201
573
635
618
709
146
705
621
731
845
608
977
214
199
818
394
444
695
779
685
885
293
925
932
248
663
782
590
602
741
701
703
872
692
263
380
108
798
397
574
613
202
718
898
135
467
771
381
780
627
690
106
646
294
867
856
815
529
792
753
155
741
976
679
169
764
899
482
918
252
421
494
867
236
484
843
302
499
565
426
841
597
128
714
856
857
774
500
222
629
326
881
729
421
201
531
623
189
762
726
743
301
405
532
422
393
317
669
647
716
180
503
240
138
874
645
876
655
760
679
984
754
331
735
609
686
862
451
411
968
470
183
867
914
100
859
450
965
400
558
648
616
930
929
170
846
342
448
558
636
292
417
529
702
836
414
547
758
198
385
890
504
190
960
766
347
336
914
977
732
752
160
652
574
965
688
860
642
720
192
464
798
292
553
325
561
796
277
215
434
841
998
301
193
266
348
119
523
507
754
295
816
814
514
151
203
389
339
428
498
107
346
147
787
112
817
736
450
782
174
960
513
779
480
