17
600
8637376
6085578
3890806
7818646
1474047
3083567
9488107
3301740
6653966
4457667
929553
8633486
6482209
7944632
1139386
8371181
8921898
3907706
1516238
5265780
5206760
9032394
8361923
3243701
1745519
5289741
9439884
7501230
801271
9769956
3152537
1792794
708868
5389293
7574191
5839551
6923250
281338
4320999
9297179
2870828
7442503
3462527
6740014
6366068
8033634
2735920
7649308
3915883
5010896
3832447
108876
7450348
9270182
334204
9394632
5410465
9076998
8371353
9336777
5078599
8055789
8565281
3779938
1572602
7907384
9591996
1358030
6687127
2429006
1144597
2890665
1939277
6798691
8290127
5557365
4277340
5290133
5639568
7066811
8734818
6684690
1402889
9589492
9782717
2692307
7869947
7371099
4742961
9622366
2501003
6922352
1916915
8289898
3708650
6945119
9981147
6964579
5418696
1288259
1159605
3514175
3332269
5363596
7209204
2603590
5906959
8560098
2447289
6857869
2994000
744144
5943166
8228579
3119556
6870452
996280
5644496
1039285
4057499
6203336
4151352
5266271
2032921
8995410
1306940
139865
5317928
258555
3007699
7178513
6215485
9153658
8070660
5821274
2110064
7782031
6374358
7804703
8045181
4340813
7315343
6960706
9366135
9636344
6617660
3749018
4130257
2127541
8119984
1187542
5736248
5617214
8360182
6847131
6776661
3165487
7553624
5222021
9514182
3102657
1823385
5230272
3797909
6995322
5057157
7122605
3223802
2795700
3453006
864301
5030624
8243981
9495265
7783906
7081038
435913
7632108
6782523
7197516
188431
8848531
1553588
4197441
9691227
1704260
6041886
2080318
9877320
266976
3915827
8142965
6708760
3811522
8729188
992106
3318466
6980033
5124032
6998733
1344509
4264738
2086477
1250389
1378223
9669935
5510292
4801793
3781159
8885152
6545200
7886811
5504557
2156613
5150069
9549676
1292443
6108111
5084359
6019377
4527150
4125843
5314774
7391666
1816584
3696576
6127541
3499648
9258503
7153947
7830839
4144020
9217284
6655033
4712299
4652001
1089383
4700737
8123415
3571470
5286866
7275824
8077209
497912
3647579
1182774
7849912
7299402
8932603
6693142
8419958
2868443
7518135
1859997
5136707
5696895
5635969
7292760
9495391
2068524
1408782
4432022
4760361
7953563
4373195
3265260
520067
6925427
2944704
2328600
4430610
3591859
4975053
7676266
9435991
2914656
9242544
5044046
6083839
7883701
7298213
6661055
1643161
8546143
4404931
6812690
9533511
8801770
2362158
313927
2418305
5235896
3896460
9848146
5424754
6649733
1747552
9623058
9274280
5297542
4243950
3414420
9109914
5884431
6283884
8398722
1199545
2327482
5086813
7308996
7862453
3475253
1250946
1502703
5596781
9219723
1623761
8413692
4631821
3331472
9219481
7964436
4754800
6179037
1553436
2113978
6512686
1969434
8960056
1076454
7825055
4813169
315436
5590914
1119549
5946607
7060487
2766268
5894097
3716954
1543138
8976487
4922056
8006180
6999365
9137601
8749250
4281864
1191181
3543002
542631
8188458
8441530
8229112
2729931
7484619
5095608
3087667
3071695
3080005
5276036
2872953
7148977
1894342
3577740
3646340
3405063
3448377
8295537
5549352
584581
567821
8356086
2328572
1765484
9721332
2906965
2653324
6654566
150200
9290688
1650669
1025829
7014003
1340062
1569171
8276777
6854262
6147493
6256938
9434863
4229663
2091309
1884553
4551880
9983034
3351828
3975302
3714059
8142172
6593694
532589
1242137
3104538
1367631
3302179
8466860
7530906
1436919
4870084
2533120
5152735
8196233
3954782
3131275
8141949
1225279
3652706
3855887
5402564
5888029
1404869
7220746
7745453
3340376
7945095
7832514
9072027
5023569
1719845
1566388
4122376
6975743
2086353
3369814
4339719
5727419
8295717
3737398
3353587
8332168
3136359
5144911
9066694
2164041
1835851
9826108
2418887
8972629
2043919
6625293
5547613
868537
1594521
868541
9975016
9198232
5595204
4452983
9408270
7270250
2236952
7475417
5802085
4864194
188168
8542051
2567187
3067174
8897217
190939
9655900
3483135
9844327
2341019
6234834
7949179
1129537
2828953
309675
1345421
1072469
4035223
1617703
8105567
1143655
2430939
2015623
9740847
3980214
3765719
7671112
5211752
8819973
5119865
3199321
8017475
6663411
7204207
5151036
5559950
2324287
1249425
9537793
4367103
1694379
9585865
2515841
1495264
2061584
1069891
1369685
600362
4606234
6485146
8898226
6099618
4457005
1047637
584715
3744932
8648422
5116842
8924818
3853071
8428077
6960883
4381195
5316918
2013324
4824148
7075241
2541675
647188
4626108
9396667
9668764
5960925
9528413
3503295
3811485
388546
7613979
6153622
790779
7203757
5367691
4590719
3046541
5215042
291247
3086962
4315339
2976308
2331344
1577096
1143410
1044345
1938874
7296619
9705773
9935467
5961306
8702092
3280002
6586797
1101373
8149440
4010391
7526555
3844775
2502091
1425516
8941447
5841438
8389416
9278354
5202353
3579498
3585836
6806360
5307761
1896544
6796410
5646136
1099485
6458668
6026435
2846793
1987412
3670963
4675466
3609624
2351938
7745838
6404612
4068997
2311394
8123609
3327266
